-8.0000	1.8290
-7.9950	1.8258
-7.9900	1.8230
-7.9850	1.8205
-7.9800	1.8170
-7.9750	1.8135
-7.9700	1.8093
-7.9650	1.8048
-7.9600	1.8000
-7.9550	1.7955
-7.9500	1.7920
-7.9450	1.7890
-7.9400	1.7850
-7.9350	1.7820
-7.9300	1.7793
-7.9250	1.7773
-7.9200	1.7753
-7.9150	1.7710
-7.9100	1.7660
-7.9050	1.7615
-7.9000	1.7580
-7.8950	1.7548
-7.8900	1.7515
-7.8850	1.7475
-7.8800	1.7430
-7.8750	1.7410
-7.8700	1.7380
-7.8650	1.7348
-7.8600	1.7315
-7.8550	1.7265
-7.8500	1.7233
-7.8450	1.7193
-7.8400	1.7153
-7.8350	1.7120
-7.8300	1.7083
-7.8250	1.7053
-7.8200	1.7023
-7.8150	1.6980
-7.8100	1.6933
-7.8050	1.6900
-7.8000	1.6870
-7.7950	1.6835
-7.7900	1.6803
-7.7850	1.6770
-7.7800	1.6730
-7.7750	1.6683
-7.7700	1.6643
-7.7650	1.6610
-7.7600	1.6578
-7.7550	1.6540
-7.7500	1.6500
-7.7450	1.6463
-7.7400	1.6430
-7.7350	1.6400
-7.7300	1.6370
-7.7250	1.6338
-7.7200	1.6310
-7.7150	1.6275
-7.7100	1.6208
-7.7050	1.6175
-7.7000	1.6140
-7.6950	1.6110
-7.6900	1.6083
-7.6850	1.6058
-7.6800	1.6025
-7.6750	1.5988
-7.6700	1.5945
-7.6650	1.5898
-7.6600	1.5858
-7.6550	1.5820
-7.6500	1.5783
-7.6450	1.5740
-7.6400	1.5715
-7.6350	1.5688
-7.6300	1.5655
-7.6250	1.5615
-7.6200	1.5565
-7.6150	1.5528
-7.6100	1.5500
-7.6050	1.5475
-7.6000	1.5455
-7.5950	1.5420
-7.5900	1.5380
-7.5850	1.5348
-7.5800	1.5308
-7.5750	1.5268
-7.5700	1.5225
-7.5650	1.5178
-7.5600	1.5150
-7.5550	1.5123
-7.5500	1.5098
-7.5450	1.5075
-7.5400	1.5048
-7.5350	1.5025
-7.5300	1.4998
-7.5250	1.4960
-7.5200	1.4923
-7.5150	1.4890
-7.5100	1.4855
-7.5050	1.4825
-7.5000	1.4790
-7.4950	1.4745
-7.4900	1.4700
-7.4850	1.4665
-7.4800	1.4635
-7.4750	1.4598
-7.4700	1.4560
-7.4650	1.4520
-7.4600	1.4478
-7.4550	1.4443
-7.4500	1.4405
-7.4450	1.4370
-7.4400	1.4340
-7.4350	1.4298
-7.4300	1.4255
-7.4250	1.4215
-7.4200	1.4175
-7.4150	1.4128
-7.4100	1.4088
-7.4050	1.4055
-7.4000	1.4030
-7.3950	1.4000
-7.3900	1.3960
-7.3850	1.3918
-7.3800	1.3875
-7.3750	1.3840
-7.3700	1.3803
-7.3650	1.3765
-7.3600	1.3733
-7.3550	1.3705
-7.3500	1.3690
-7.3450	1.3678
-7.3400	1.3660
-7.3350	1.3630
-7.3300	1.3593
-7.3250	1.3548
-7.3200	1.3508
-7.3150	1.3478
-7.3100	1.3445
-7.3050	1.3410
-7.3000	1.3370
-7.2950	1.3330
-7.2900	1.3278
-7.2850	1.3235
-7.2800	1.3205
-7.2750	1.3163
-7.2700	1.3115
-7.2650	1.3075
-7.2600	1.3048
-7.2550	1.3005
-7.2500	1.2975
-7.2450	1.2950
-7.2400	1.2930
-7.2350	1.2913
-7.2300	1.2883
-7.2250	1.2855
-7.2200	1.2828
-7.2150	1.2775
-7.2100	1.2750
-7.2050	1.2728
-7.2000	1.2700
-7.1950	1.2668
-7.1900	1.2635
-7.1850	1.2608
-7.1800	1.2585
-7.1750	1.2570
-7.1700	1.2540
-7.1650	1.2510
-7.1600	1.2480
-7.1550	1.2458
-7.1500	1.2430
-7.1450	1.2398
-7.1400	1.2360
-7.1350	1.2330
-7.1300	1.2290
-7.1250	1.2250
-7.1200	1.2220
-7.1150	1.2180
-7.1100	1.2155
-7.1050	1.2133
-7.1000	1.2100
-7.0950	1.2078
-7.0900	1.2045
-7.0850	1.2008
-7.0800	1.1965
-7.0750	1.1928
-7.0700	1.1900
-7.0650	1.1868
-7.0600	1.1848
-7.0550	1.1813
-7.0500	1.1778
-7.0450	1.1738
-7.0400	1.1690
-7.0350	1.1663
-7.0300	1.1628
-7.0250	1.1595
-7.0200	1.1575
-7.0150	1.1553
-7.0100	1.1510
-7.0050	1.1465
-7.0000	1.1430
-6.9950	1.1388
-6.9900	1.1360
-6.9850	1.1340
-6.9800	1.1313
-6.9750	1.1273
-6.9700	1.1230
-6.9650	1.1188
-6.9600	1.1153
-6.9550	1.1113
-6.9500	1.1078
-6.9450	1.1043
-6.9400	1.1003
-6.9350	1.0970
-6.9300	1.0938
-6.9250	1.0915
-6.9200	1.0900
-6.9150	1.0865
-6.9100	1.0830
-6.9050	1.0795
-6.9000	1.0758
-6.8950	1.0715
-6.8900	1.0685
-6.8850	1.0658
-6.8800	1.0623
-6.8750	1.0588
-6.8700	1.0560
-6.8650	1.0530
-6.8600	1.0505
-6.8550	1.0490
-6.8500	1.0465
-6.8450	1.0430
-6.8400	1.0385
-6.8350	1.0335
-6.8300	1.0300
-6.8250	1.0275
-6.8200	1.0250
-6.8150	1.0228
-6.8100	1.0200
-6.8050	1.0170
-6.8000	1.0145
-6.7950	1.0110
-6.7900	1.0075
-6.7850	1.0040
-6.7800	0.9993
-6.7750	0.9950
-6.7700	0.9910
-6.7650	0.9870
-6.7600	0.9845
-6.7550	0.9815
-6.7500	0.9790
-6.7450	0.9770
-6.7400	0.9750
-6.7350	0.9728
-6.7300	0.9695
-6.7250	0.9653
-6.7200	0.9623
-6.7150	0.9598
-6.7100	0.9573
-6.7050	0.9545
-6.7000	0.9515
-6.6950	0.9483
-6.6900	0.9455
-6.6850	0.9440
-6.6800	0.9420
-6.6750	0.9393
-6.6700	0.9360
-6.6650	0.9310
-6.6600	0.9270
-6.6550	0.9225
-6.6500	0.9180
-6.6450	0.9143
-6.6400	0.9115
-6.6350	0.9090
-6.6300	0.9070
-6.6250	0.9050
-6.6200	0.9018
-6.6150	0.8980
-6.6100	0.8940
-6.6050	0.8910
-6.6000	0.8875
-6.5950	0.8843
-6.5900	0.8815
-6.5850	0.8783
-6.5800	0.8753
-6.5750	0.8725
-6.5700	0.8700
-6.5650	0.8665
-6.5600	0.8640
-6.5550	0.8608
-6.5500	0.8575
-6.5450	0.8533
-6.5400	0.8498
-6.5350	0.8463
-6.5300	0.8428
-6.5250	0.8398
-6.5200	0.8368
-6.5150	0.8335
-6.5100	0.8300
-6.5050	0.8263
-6.5000	0.8233
-6.4950	0.8208
-6.4900	0.8180
-6.4850	0.8155
-6.4800	0.8128
-6.4750	0.8098
-6.4700	0.8073
-6.4650	0.8043
-6.4600	0.8018
-6.4550	0.7998
-6.4500	0.7963
-6.4450	0.7925
-6.4400	0.7888
-6.4350	0.7853
-6.4300	0.7825
-6.4250	0.7790
-6.4200	0.7755
-6.4150	0.7720
-6.4100	0.7700
-6.4050	0.7683
-6.4000	0.7660
-6.3950	0.7625
-6.3900	0.7588
-6.3850	0.7548
-6.3800	0.7513
-6.3750	0.7480
-6.3700	0.7455
-6.3650	0.7428
-6.3600	0.7403
-6.3550	0.7365
-6.3500	0.7335
-6.3450	0.7318
-6.3400	0.7308
-6.3350	0.7295
-6.3300	0.7268
-6.3250	0.7230
-6.3200	0.7190
-6.3150	0.7155
-6.3100	0.7115
-6.3050	0.7075
-6.3000	0.7038
-6.2950	0.7008
-6.2900	0.6985
-6.2850	0.6955
-6.2800	0.6933
-6.2750	0.6905
-6.2700	0.6875
-6.2650	0.6843
-6.2600	0.6815
-6.2550	0.6775
-6.2500	0.6745
-6.2450	0.6718
-6.2400	0.6688
-6.2350	0.6655
-6.2300	0.6625
-6.2250	0.6600
-6.2200	0.6583
-6.2150	0.6550
-6.2100	0.6523
-6.2050	0.6495
-6.2000	0.6458
-6.1950	0.6423
-6.1900	0.6395
-6.1850	0.6375
-6.1800	0.6340
-6.1750	0.6315
-6.1700	0.6293
-6.1650	0.6268
-6.1600	0.6250
-6.1550	0.6228
-6.1500	0.6200
-6.1450	0.6160
-6.1400	0.6120
-6.1350	0.6090
-6.1300	0.6070
-6.1250	0.6038
-6.1200	0.6013
-6.1150	0.5988
-6.1100	0.5960
-6.1050	0.5935
-6.1000	0.5905
-6.0950	0.5873
-6.0900	0.5838
-6.0850	0.5793
-6.0800	0.5760
-6.0750	0.5733
-6.0700	0.5710
-6.0650	0.5685
-6.0600	0.5663
-6.0550	0.5638
-6.0500	0.5610
-6.0450	0.5570
-6.0400	0.5535
-6.0350	0.5505
-6.0300	0.5473
-6.0250	0.5440
-6.0200	0.5405
-6.0150	0.5363
-6.0100	0.5340
-6.0050	0.5315
-6.0000	0.5285
-5.9950	0.5253
-5.9900	0.5213
-5.9850	0.5188
-5.9800	0.5168
-5.9750	0.5143
-5.9700	0.5118
-5.9650	0.5093
-5.9600	0.5068
-5.9550	0.5040
-5.9500	0.5013
-5.9450	0.4985
-5.9400	0.4950
-5.9350	0.4913
-5.9300	0.4875
-5.9250	0.4845
-5.9200	0.4818
-5.9150	0.4800
-5.9100	0.4780
-5.9050	0.4768
-5.9000	0.4750
-5.8950	0.4733
-5.8900	0.4705
-5.8850	0.4665
-5.8800	0.4635
-5.8750	0.4610
-5.8700	0.4588
-5.8650	0.4563
-5.8600	0.4540
-5.8550	0.4515
-5.8500	0.4483
-5.8450	0.4465
-5.8400	0.4430
-5.8350	0.4390
-5.8300	0.4345
-5.8250	0.4320
-5.8200	0.4303
-5.8150	0.4285
-5.8100	0.4263
-5.8050	0.4240
-5.8000	0.4215
-5.7950	0.4193
-5.7900	0.4165
-5.7850	0.4148
-5.7800	0.4125
-5.7750	0.4095
-5.7700	0.4058
-5.7650	0.4025
-5.7600	0.3988
-5.7550	0.3950
-5.7500	0.3920
-5.7450	0.3888
-5.7400	0.3855
-5.7350	0.3828
-5.7300	0.3810
-5.7250	0.3780
-5.7200	0.3753
-5.7150	0.3718
-5.7100	0.3680
-5.7050	0.3653
-5.7000	0.3628
-5.6950	0.3605
-5.6900	0.3578
-5.6850	0.3550
-5.6800	0.3520
-5.6750	0.3485
-5.6700	0.3448
-5.6650	0.3413
-5.6600	0.3380
-5.6550	0.3345
-5.6500	0.3320
-5.6450	0.3300
-5.6400	0.3270
-5.6350	0.3248
-5.6300	0.3220
-5.6250	0.3190
-5.6200	0.3160
-5.6150	0.3143
-5.6100	0.3125
-5.6050	0.3108
-5.6000	0.3080
-5.5950	0.3060
-5.5900	0.3033
-5.5850	0.3008
-5.5800	0.2978
-5.5750	0.2945
-5.5700	0.2913
-5.5650	0.2885
-5.5600	0.2850
-5.5550	0.2820
-5.5500	0.2795
-5.5450	0.2755
-5.5400	0.2738
-5.5350	0.2713
-5.5300	0.2680
-5.5250	0.2663
-5.5200	0.2640
-5.5150	0.2615
-5.5100	0.2585
-5.5050	0.2573
-5.5000	0.2545
-5.4950	0.2505
-5.4900	0.2480
-5.4850	0.2448
-5.4800	0.2415
-5.4750	0.2390
-5.4700	0.2355
-5.4650	0.2338
-5.4600	0.2320
-5.4550	0.2293
-5.4500	0.2263
-5.4450	0.2225
-5.4400	0.2193
-5.4350	0.2170
-5.4300	0.2148
-5.4250	0.2125
-5.4200	0.2105
-5.4150	0.2073
-5.4100	0.2048
-5.4050	0.2028
-5.4000	0.2000
-5.3950	0.1960
-5.3900	0.1928
-5.3850	0.1900
-5.3800	0.1880
-5.3750	0.1870
-5.3700	0.1858
-5.3650	0.1838
-5.3600	0.1810
-5.3550	0.1783
-5.3500	0.1750
-5.3450	0.1715
-5.3400	0.1695
-5.3350	0.1670
-5.3300	0.1628
-5.3250	0.1590
-5.3200	0.1570
-5.3150	0.1555
-5.3100	0.1553
-5.3050	0.1528
-5.3000	0.1500
-5.2950	0.1470
-5.2900	0.1425
-5.2850	0.1395
-5.2800	0.1380
-5.2750	0.1363
-5.2700	0.1338
-5.2650	0.1308
-5.2600	0.1278
-5.2550	0.1255
-5.2500	0.1233
-5.2450	0.1213
-5.2400	0.1198
-5.2350	0.1163
-5.2300	0.1123
-5.2250	0.1080
-5.2200	0.1035
-5.2150	0.1010
-5.2100	0.0985
-5.2050	0.0965
-5.2000	0.0945
-5.1950	0.0925
-5.1900	0.0895
-5.1850	0.0863
-5.1800	0.0833
-5.1750	0.0795
-5.1700	0.0753
-5.1650	0.0713
-5.1600	0.0688
-5.1550	0.0668
-5.1500	0.0650
-5.1450	0.0630
-5.1400	0.0610
-5.1350	0.0578
-5.1300	0.0558
-5.1250	0.0523
-5.1200	0.0490
-5.1150	0.0460
-5.1100	0.0440
-5.1050	0.0405
-5.1000	0.0375
-5.0950	0.0345
-5.0900	0.0325
-5.0850	0.0310
-5.0800	0.0293
-5.0750	0.0275
-5.0700	0.0255
-5.0650	0.0235
-5.0600	0.0215
-5.0550	0.0193
-5.0500	0.0170
-5.0450	0.0148
-5.0400	0.0123
-5.0350	0.0100
-5.0300	0.0075
-5.0250	0.0050
-5.0200	0.0025
-5.0150	-0.0007
-5.0100	-0.0035
-5.0050	-0.0060
-5.0000	-0.0085
-4.9950	-0.0100
-4.9900	-0.0117
-4.9850	-0.0140
-4.9800	-0.0152
-4.9750	-0.0175
-4.9700	-0.0197
-4.9650	-0.0217
-4.9600	-0.0255
-4.9550	-0.0285
-4.9500	-0.0310
-4.9450	-0.0330
-4.9400	-0.0365
-4.9350	-0.0397
-4.9300	-0.0425
-4.9250	-0.0450
-4.9200	-0.0472
-4.9150	-0.0495
-4.9100	-0.0510
-4.9050	-0.0530
-4.9000	-0.0545
-4.8950	-0.0565
-4.8900	-0.0590
-4.8850	-0.0620
-4.8800	-0.0655
-4.8750	-0.0672
-4.8700	-0.0695
-4.8650	-0.0727
-4.8600	-0.0762
-4.8550	-0.0782
-4.8500	-0.0805
-4.8450	-0.0827
-4.8400	-0.0847
-4.8350	-0.0877
-4.8300	-0.0895
-4.8250	-0.0912
-4.8200	-0.0945
-4.8150	-0.0965
-4.8100	-0.1002
-4.8050	-0.1052
-4.8000	-0.1080
-4.7950	-0.1110
-4.7900	-0.1135
-4.7850	-0.1152
-4.7800	-0.1180
-4.7750	-0.1210
-4.7700	-0.1242
-4.7650	-0.1280
-4.7600	-0.1312
-4.7550	-0.1340
-4.7500	-0.1365
-4.7450	-0.1395
-4.7400	-0.1420
-4.7350	-0.1445
-4.7300	-0.1470
-4.7250	-0.1490
-4.7200	-0.1515
-4.7150	-0.1540
-4.7100	-0.1565
-4.7050	-0.1590
-4.7000	-0.1610
-4.6950	-0.1622
-4.6900	-0.1637
-4.6850	-0.1660
-4.6800	-0.1690
-4.6750	-0.1710
-4.6700	-0.1732
-4.6650	-0.1757
-4.6600	-0.1787
-4.6550	-0.1827
-4.6500	-0.1860
-4.6450	-0.1887
-4.6400	-0.1910
-4.6350	-0.1920
-4.6300	-0.1930
-4.6250	-0.1940
-4.6200	-0.1952
-4.6150	-0.1972
-4.6100	-0.2005
-4.6050	-0.2047
-4.6000	-0.2080
-4.5950	-0.2097
-4.5900	-0.2112
-4.5850	-0.2135
-4.5800	-0.2152
-4.5750	-0.2177
-4.5700	-0.2207
-4.5650	-0.2245
-4.5600	-0.2270
-4.5550	-0.2287
-4.5500	-0.2297
-4.5450	-0.2315
-4.5400	-0.2347
-4.5350	-0.2375
-4.5300	-0.2412
-4.5250	-0.2445
-4.5200	-0.2482
-4.5150	-0.2525
-4.5100	-0.2550
-4.5050	-0.2570
-4.5000	-0.2585
-4.4950	-0.2605
-4.4900	-0.2620
-4.4850	-0.2642
-4.4800	-0.2680
-4.4750	-0.2720
-4.4700	-0.2745
-4.4650	-0.2752
-4.4600	-0.2745
-4.4550	-0.2755
-4.4500	-0.2782
-4.4450	-0.2815
-4.4400	-0.2840
-4.4350	-0.2862
-4.4300	-0.2890
-4.4250	-0.2925
-4.4200	-0.2945
-4.4150	-0.2965
-4.4100	-0.2990
-4.4050	-0.3005
-4.4000	-0.3022
-4.3950	-0.3040
-4.3900	-0.3060
-4.3850	-0.3070
-4.3800	-0.3085
-4.3750	-0.3110
-4.3700	-0.3130
-4.3650	-0.3165
-4.3600	-0.3192
-4.3550	-0.3205
-4.3500	-0.3237
-4.3450	-0.3260
-4.3400	-0.3280
-4.3350	-0.3315
-4.3300	-0.3337
-4.3250	-0.3355
-4.3200	-0.3372
-4.3150	-0.3380
-4.3100	-0.3397
-4.3050	-0.3422
-4.3000	-0.3447
-4.2950	-0.3462
-4.2900	-0.3477
-4.2850	-0.3485
-4.2800	-0.3502
-4.2750	-0.3525
-4.2700	-0.3552
-4.2650	-0.3587
-4.2600	-0.3620
-4.2550	-0.3655
-4.2500	-0.3672
-4.2450	-0.3710
-4.2400	-0.3745
-4.2350	-0.3775
-4.2300	-0.3802
-4.2250	-0.3825
-4.2200	-0.3850
-4.2150	-0.3880
-4.2100	-0.3900
-4.2050	-0.3920
-4.2000	-0.3942
-4.1950	-0.3970
-4.1900	-0.3995
-4.1850	-0.4025
-4.1800	-0.4055
-4.1750	-0.4072
-4.1700	-0.4090
-4.1650	-0.4110
-4.1600	-0.4135
-4.1550	-0.4160
-4.1500	-0.4180
-4.1450	-0.4197
-4.1400	-0.4232
-4.1350	-0.4260
-4.1300	-0.4285
-4.1250	-0.4317
-4.1200	-0.4342
-4.1150	-0.4357
-4.1100	-0.4360
-4.1050	-0.4375
-4.1000	-0.4395
-4.0950	-0.4417
-4.0900	-0.4440
-4.0850	-0.4457
-4.0800	-0.4477
-4.0750	-0.4500
-4.0700	-0.4520
-4.0650	-0.4535
-4.0600	-0.4555
-4.0550	-0.4577
-4.0500	-0.4610
-4.0450	-0.4642
-4.0400	-0.4667
-4.0350	-0.4710
-4.0300	-0.4750
-4.0250	-0.4780
-4.0200	-0.4797
-4.0150	-0.4825
-4.0100	-0.4845
-4.0050	-0.4850
-4.0000	-0.4862
-3.9950	-0.4885
-3.9900	-0.4915
-3.9850	-0.4947
-3.9800	-0.4970
-3.9750	-0.4990
-3.9700	-0.5015
-3.9650	-0.5035
-3.9600	-0.5060
-3.9550	-0.5090
-3.9500	-0.5115
-3.9450	-0.5130
-3.9400	-0.5150
-3.9350	-0.5170
-3.9300	-0.5195
-3.9250	-0.5207
-3.9200	-0.5212
-3.9150	-0.5225
-3.9100	-0.5247
-3.9050	-0.5277
-3.9000	-0.5312
-3.8950	-0.5330
-3.8900	-0.5347
-3.8850	-0.5367
-3.8800	-0.5395
-3.8750	-0.5437
-3.8700	-0.5472
-3.8650	-0.5490
-3.8600	-0.5492
-3.8550	-0.5500
-3.8500	-0.5510
-3.8450	-0.5530
-3.8400	-0.5552
-3.8350	-0.5575
-3.8300	-0.5595
-3.8250	-0.5610
-3.8200	-0.5630
-3.8150	-0.5655
-3.8100	-0.5677
-3.8050	-0.5697
-3.8000	-0.5715
-3.7950	-0.5735
-3.7900	-0.5757
-3.7850	-0.5780
-3.7800	-0.5807
-3.7750	-0.5832
-3.7700	-0.5855
-3.7650	-0.5875
-3.7600	-0.5897
-3.7550	-0.5917
-3.7500	-0.5937
-3.7450	-0.5957
-3.7400	-0.5992
-3.7350	-0.6015
-3.7300	-0.6035
-3.7250	-0.6055
-3.7200	-0.6075
-3.7150	-0.6097
-3.7100	-0.6120
-3.7050	-0.6150
-3.7000	-0.6180
-3.6950	-0.6207
-3.6900	-0.6225
-3.6850	-0.6240
-3.6800	-0.6255
-3.6750	-0.6267
-3.6700	-0.6282
-3.6650	-0.6297
-3.6600	-0.6315
-3.6550	-0.6327
-3.6500	-0.6342
-3.6450	-0.6362
-3.6400	-0.6392
-3.6350	-0.6417
-3.6300	-0.6440
-3.6250	-0.6465
-3.6200	-0.6485
-3.6150	-0.6500
-3.6100	-0.6515
-3.6050	-0.6542
-3.6000	-0.6562
-3.5950	-0.6580
-3.5900	-0.6597
-3.5850	-0.6617
-3.5800	-0.6640
-3.5750	-0.6660
-3.5700	-0.6670
-3.5650	-0.6695
-3.5600	-0.6730
-3.5550	-0.6780
-3.5500	-0.6807
-3.5450	-0.6830
-3.5400	-0.6850
-3.5350	-0.6880
-3.5300	-0.6902
-3.5250	-0.6925
-3.5200	-0.6950
-3.5150	-0.6965
-3.5100	-0.6980
-3.5050	-0.7002
-3.5000	-0.7007
-3.4950	-0.7017
-3.4900	-0.7037
-3.4850	-0.7047
-3.4800	-0.7070
-3.4750	-0.7092
-3.4700	-0.7110
-3.4650	-0.7135
-3.4600	-0.7160
-3.4550	-0.7185
-3.4500	-0.7215
-3.4450	-0.7237
-3.4400	-0.7267
-3.4350	-0.7297
-3.4300	-0.7322
-3.4250	-0.7345
-3.4200	-0.7365
-3.4150	-0.7390
-3.4100	-0.7407
-3.4050	-0.7420
-3.4000	-0.7430
-3.3950	-0.7440
-3.3900	-0.7455
-3.3850	-0.7480
-3.3800	-0.7507
-3.3750	-0.7545
-3.3700	-0.7582
-3.3650	-0.7605
-3.3600	-0.7635
-3.3550	-0.7657
-3.3500	-0.7682
-3.3450	-0.7710
-3.3400	-0.7727
-3.3350	-0.7740
-3.3300	-0.7770
-3.3250	-0.7780
-3.3200	-0.7792
-3.3150	-0.7820
-3.3100	-0.7832
-3.3050	-0.7847
-3.3000	-0.7865
-3.2950	-0.7872
-3.2900	-0.7895
-3.2850	-0.7910
-3.2800	-0.7942
-3.2750	-0.7965
-3.2700	-0.7992
-3.2650	-0.8022
-3.2600	-0.8032
-3.2550	-0.8052
-3.2500	-0.8077
-3.2450	-0.8095
-3.2400	-0.8110
-3.2350	-0.8122
-3.2300	-0.8125
-3.2250	-0.8140
-3.2200	-0.8162
-3.2150	-0.8187
-3.2100	-0.8220
-3.2050	-0.8245
-3.2000	-0.8265
-3.1950	-0.8277
-3.1900	-0.8295
-3.1850	-0.8312
-3.1800	-0.8330
-3.1750	-0.8347
-3.1700	-0.8367
-3.1650	-0.8385
-3.1600	-0.8395
-3.1550	-0.8405
-3.1500	-0.8415
-3.1450	-0.8425
-3.1400	-0.8445
-3.1350	-0.8465
-3.1300	-0.8485
-3.1250	-0.8500
-3.1200	-0.8517
-3.1150	-0.8540
-3.1100	-0.8565
-3.1050	-0.8590
-3.1000	-0.8625
-3.0950	-0.8665
-3.0900	-0.8705
-3.0850	-0.8740
-3.0800	-0.8762
-3.0750	-0.8762
-3.0700	-0.8785
-3.0650	-0.8795
-3.0600	-0.8805
-3.0550	-0.8822
-3.0500	-0.8842
-3.0450	-0.8862
-3.0400	-0.8885
-3.0350	-0.8910
-3.0300	-0.8935
-3.0250	-0.8955
-3.0200	-0.8967
-3.0150	-0.8985
-3.0100	-0.9005
-3.0050	-0.9032
-3.0000	-0.9060
-2.9950	-0.9085
-2.9900	-0.9105
-2.9850	-0.9120
-2.9800	-0.9137
-2.9750	-0.9160
-2.9700	-0.9175
-2.9650	-0.9182
-2.9600	-0.9195
-2.9550	-0.9210
-2.9500	-0.9225
-2.9450	-0.9240
-2.9400	-0.9260
-2.9350	-0.9277
-2.9300	-0.9297
-2.9250	-0.9320
-2.9200	-0.9345
-2.9150	-0.9365
-2.9100	-0.9387
-2.9050	-0.9407
-2.9000	-0.9432
-2.8950	-0.9457
-2.8900	-0.9477
-2.8850	-0.9490
-2.8800	-0.9510
-2.8750	-0.9540
-2.8700	-0.9542
-2.8650	-0.9550
-2.8600	-0.9560
-2.8550	-0.9570
-2.8500	-0.9577
-2.8450	-0.9592
-2.8400	-0.9620
-2.8350	-0.9637
-2.8300	-0.9662
-2.8250	-0.9695
-2.8200	-0.9712
-2.8150	-0.9730
-2.8100	-0.9752
-2.8050	-0.9780
-2.8000	-0.9802
-2.7950	-0.9825
-2.7900	-0.9850
-2.7850	-0.9860
-2.7800	-0.9875
-2.7750	-0.9900
-2.7700	-0.9915
-2.7650	-0.9932
-2.7600	-0.9950
-2.7550	-0.9962
-2.7500	-0.9980
-2.7450	-0.9990
-2.7400	-1.0000
-2.7350	-1.0010
-2.7300	-1.0025
-2.7250	-1.0047
-2.7200	-1.0075
-2.7150	-1.0102
-2.7100	-1.0127
-2.7050	-1.0142
-2.7000	-1.0165
-2.6950	-1.0182
-2.6900	-1.0192
-2.6850	-1.0207
-2.6800	-1.0220
-2.6750	-1.0230
-2.6700	-1.0250
-2.6650	-1.0262
-2.6600	-1.0275
-2.6550	-1.0285
-2.6500	-1.0302
-2.6450	-1.0320
-2.6400	-1.0345
-2.6350	-1.0380
-2.6300	-1.0407
-2.6250	-1.0432
-2.6200	-1.0452
-2.6150	-1.0467
-2.6100	-1.0485
-2.6050	-1.0510
-2.6000	-1.0532
-2.5950	-1.0560
-2.5900	-1.0587
-2.5850	-1.0605
-2.5800	-1.0625
-2.5750	-1.0640
-2.5700	-1.0645
-2.5650	-1.0672
-2.5600	-1.0697
-2.5550	-1.0720
-2.5500	-1.0727
-2.5450	-1.0745
-2.5400	-1.0770
-2.5350	-1.0795
-2.5300	-1.0817
-2.5250	-1.0837
-2.5200	-1.0847
-2.5150	-1.0865
-2.5100	-1.0872
-2.5050	-1.0880
-2.5000	-1.0902
-2.4950	-1.0920
-2.4900	-1.0940
-2.4850	-1.0952
-2.4800	-1.0970
-2.4750	-1.0987
-2.4700	-1.1010
-2.4650	-1.1015
-2.4600	-1.1027
-2.4550	-1.1040
-2.4500	-1.1037
-2.4450	-1.1050
-2.4400	-1.1070
-2.4350	-1.1092
-2.4300	-1.1127
-2.4250	-1.1160
-2.4200	-1.1182
-2.4150	-1.1200
-2.4100	-1.1220
-2.4050	-1.1240
-2.4000	-1.1257
-2.3950	-1.1275
-2.3900	-1.1290
-2.3850	-1.1302
-2.3800	-1.1312
-2.3750	-1.1325
-2.3700	-1.1340
-2.3650	-1.1355
-2.3600	-1.1380
-2.3550	-1.1405
-2.3500	-1.1417
-2.3450	-1.1430
-2.3400	-1.1440
-2.3350	-1.1450
-2.3300	-1.1462
-2.3250	-1.1477
-2.3200	-1.1495
-2.3150	-1.1522
-2.3100	-1.1550
-2.3050	-1.1575
-2.3000	-1.1600
-2.2950	-1.1620
-2.2900	-1.1637
-2.2850	-1.1657
-2.2800	-1.1670
-2.2750	-1.1690
-2.2700	-1.1710
-2.2650	-1.1745
-2.2600	-1.1760
-2.2550	-1.1772
-2.2500	-1.1787
-2.2450	-1.1795
-2.2400	-1.1805
-2.2350	-1.1815
-2.2300	-1.1822
-2.2250	-1.1847
-2.2200	-1.1880
-2.2150	-1.1905
-2.2100	-1.1925
-2.2050	-1.1942
-2.2000	-1.1967
-2.1950	-1.1982
-2.1900	-1.2005
-2.1850	-1.2030
-2.1800	-1.2052
-2.1750	-1.2070
-2.1700	-1.2082
-2.1650	-1.2097
-2.1600	-1.2110
-2.1550	-1.2120
-2.1500	-1.2140
-2.1450	-1.2160
-2.1400	-1.2185
-2.1350	-1.2215
-2.1300	-1.2240
-2.1250	-1.2265
-2.1200	-1.2292
-2.1150	-1.2320
-2.1100	-1.2345
-2.1050	-1.2370
-2.1000	-1.2397
-2.0950	-1.2425
-2.0900	-1.2447
-2.0850	-1.2470
-2.0800	-1.2492
-2.0750	-1.2515
-2.0700	-1.2535
-2.0650	-1.2562
-2.0600	-1.2577
-2.0550	-1.2597
-2.0500	-1.2627
-2.0450	-1.2662
-2.0400	-1.2697
-2.0350	-1.2727
-2.0300	-1.2735
-2.0250	-1.2752
-2.0200	-1.2770
-2.0150	-1.2780
-2.0100	-1.2805
-2.0050	-1.2830
-2.0000	-1.2847
-1.9950	-1.2880
-1.9900	-1.2907
-1.9850	-1.2930
-1.9800	-1.2955
-1.9750	-1.2962
-1.9700	-1.2970
-1.9650	-1.3002
-1.9600	-1.3037
-1.9550	-1.3075
-1.9500	-1.3120
-1.9450	-1.3122
-1.9400	-1.3122
-1.9350	-1.3122
-1.9300	-1.3135
-1.9250	-1.3145
-1.9200	-1.3150
-1.9150	-1.3152
-1.9100	-1.3150
-1.9050	-1.3152
-1.9000	-1.3160
-1.8950	-1.3162
-1.8900	-1.3165
-1.8850	-1.3170
-1.8800	-1.3165
-1.8750	-1.3167
-1.8700	-1.3172
-1.8650	-1.3170
-1.8600	-1.3177
-1.8550	-1.3182
-1.8500	-1.3182
-1.8450	-1.3182
-1.8400	-1.3185
-1.8350	-1.3185
-1.8300	-1.3187
-1.8250	-1.3187
-1.8200	-1.3190
-1.8150	-1.3197
-1.8100	-1.3205
-1.8050	-1.3215
-1.8000	-1.3230
-1.7950	-1.3232
-1.7900	-1.3232
-1.7850	-1.3237
-1.7800	-1.3252
-1.7750	-1.3267
-1.7700	-1.3280
-1.7650	-1.3285
-1.7600	-1.3290
-1.7550	-1.3300
-1.7500	-1.3310
-1.7450	-1.3340
-1.7400	-1.3357
-1.7350	-1.3375
-1.7300	-1.3377
-1.7250	-1.3380
-1.7200	-1.3390
-1.7150	-1.3400
-1.7100	-1.3412
-1.7050	-1.3430
-1.7000	-1.3455
-1.6950	-1.3462
-1.6900	-1.3470
-1.6850	-1.3487
-1.6800	-1.3505
-1.6750	-1.3530
-1.6700	-1.3542
-1.6650	-1.3547
-1.6600	-1.3560
-1.6550	-1.3580
-1.6500	-1.3590
-1.6450	-1.3610
-1.6400	-1.3632
-1.6350	-1.3627
-1.6300	-1.3642
-1.6250	-1.3660
-1.6200	-1.3677
-1.6150	-1.3697
-1.6100	-1.3720
-1.6050	-1.3747
-1.6000	-1.3767
-1.5950	-1.3805
-1.5900	-1.3850
-1.5850	-1.3870
-1.5800	-1.3890
-1.5750	-1.3905
-1.5700	-1.3917
-1.5650	-1.3932
-1.5600	-1.3947
-1.5550	-1.3955
-1.5500	-1.3965
-1.5450	-1.3980
-1.5400	-1.3992
-1.5350	-1.4010
-1.5300	-1.4015
-1.5250	-1.4017
-1.5200	-1.4030
-1.5150	-1.4052
-1.5100	-1.4080
-1.5050	-1.4115
-1.5000	-1.4130
-1.4950	-1.4145
-1.4900	-1.4160
-1.4850	-1.4170
-1.4800	-1.4180
-1.4750	-1.4195
-1.4700	-1.4217
-1.4650	-1.4225
-1.4600	-1.4230
-1.4550	-1.4242
-1.4500	-1.4247
-1.4450	-1.4260
-1.4400	-1.4285
-1.4350	-1.4290
-1.4300	-1.4297
-1.4250	-1.4310
-1.4200	-1.4325
-1.4150	-1.4337
-1.4100	-1.4345
-1.4050	-1.4352
-1.4000	-1.4365
-1.3950	-1.4380
-1.3900	-1.4392
-1.3850	-1.4410
-1.3800	-1.4425
-1.3750	-1.4440
-1.3700	-1.4445
-1.3650	-1.4455
-1.3600	-1.4467
-1.3550	-1.4490
-1.3500	-1.4507
-1.3450	-1.4525
-1.3400	-1.4545
-1.3350	-1.4560
-1.3300	-1.4575
-1.3250	-1.4590
-1.3200	-1.4585
-1.3150	-1.4587
-1.3100	-1.4595
-1.3050	-1.4595
-1.3000	-1.4610
-1.2950	-1.4630
-1.2900	-1.4647
-1.2850	-1.4665
-1.2800	-1.4677
-1.2750	-1.4682
-1.2700	-1.4690
-1.2650	-1.4705
-1.2600	-1.4727
-1.2550	-1.4735
-1.2500	-1.4742
-1.2450	-1.4750
-1.2400	-1.4750
-1.2350	-1.4750
-1.2300	-1.4752
-1.2250	-1.4760
-1.2200	-1.4770
-1.2150	-1.4785
-1.2100	-1.4802
-1.2050	-1.4820
-1.2000	-1.4845
-1.1950	-1.4872
-1.1900	-1.4877
-1.1850	-1.4880
-1.1800	-1.4880
-1.1750	-1.4895
-1.1700	-1.4910
-1.1650	-1.4927
-1.1600	-1.4950
-1.1550	-1.4960
-1.1500	-1.4970
-1.1450	-1.4977
-1.1400	-1.4995
-1.1350	-1.5010
-1.1300	-1.5022
-1.1250	-1.5037
-1.1200	-1.5045
-1.1150	-1.5047
-1.1100	-1.5062
-1.1050	-1.5072
-1.1000	-1.5082
-1.0950	-1.5092
-1.0900	-1.5097
-1.0850	-1.5102
-1.0800	-1.5112
-1.0750	-1.5125
-1.0700	-1.5142
-1.0650	-1.5162
-1.0600	-1.5150
-1.0550	-1.5155
-1.0500	-1.5170
-1.0450	-1.5197
-1.0400	-1.5205
-1.0350	-1.5220
-1.0300	-1.5250
-1.0250	-1.5270
-1.0200	-1.5292
-1.0150	-1.5320
-1.0100	-1.5325
-1.0050	-1.5340
-1.0000	-1.5360
-0.9950	-1.5385
-0.9900	-1.5395
-0.9850	-1.5395
-0.9800	-1.5402
-0.9750	-1.5412
-0.9700	-1.5425
-0.9650	-1.5430
-0.9600	-1.5437
-0.9550	-1.5445
-0.9500	-1.5455
-0.9450	-1.5460
-0.9400	-1.5482
-0.9350	-1.5520
-0.9300	-1.5522
-0.9250	-1.5530
-0.9200	-1.5535
-0.9150	-1.5532
-0.9100	-1.5540
-0.9050	-1.5545
-0.9000	-1.5535
-0.8950	-1.5552
-0.8900	-1.5570
-0.8850	-1.5587
-0.8800	-1.5610
-0.8750	-1.5630
-0.8700	-1.5650
-0.8650	-1.5667
-0.8600	-1.5680
-0.8550	-1.5685
-0.8500	-1.5687
-0.8450	-1.5692
-0.8400	-1.5695
-0.8350	-1.5692
-0.8300	-1.5702
-0.8250	-1.5717
-0.8200	-1.5735
-0.8150	-1.5755
-0.8100	-1.5767
-0.8050	-1.5780
-0.8000	-1.5790
-0.7950	-1.5802
-0.7900	-1.5815
-0.7850	-1.5820
-0.7800	-1.5820
-0.7750	-1.5820
-0.7700	-1.5825
-0.7650	-1.5830
-0.7600	-1.5842
-0.7550	-1.5865
-0.7500	-1.5885
-0.7450	-1.5910
-0.7400	-1.5935
-0.7350	-1.5940
-0.7300	-1.5945
-0.7250	-1.5950
-0.7200	-1.5955
-0.7150	-1.5970
-0.7100	-1.5982
-0.7050	-1.5985
-0.7000	-1.6005
-0.6950	-1.6030
-0.6900	-1.6055
-0.6850	-1.6070
-0.6800	-1.6070
-0.6750	-1.6095
-0.6700	-1.6102
-0.6650	-1.6107
-0.6600	-1.6112
-0.6550	-1.6127
-0.6500	-1.6137
-0.6450	-1.6150
-0.6400	-1.6165
-0.6350	-1.6180
-0.6300	-1.6192
-0.6250	-1.6200
-0.6200	-1.6205
-0.6150	-1.6215
-0.6100	-1.6227
-0.6050	-1.6245
-0.6000	-1.6257
-0.5950	-1.6270
-0.5900	-1.6282
-0.5850	-1.6300
-0.5800	-1.6320
-0.5750	-1.6345
-0.5700	-1.6360
-0.5650	-1.6367
-0.5600	-1.6375
-0.5550	-1.6390
-0.5500	-1.6397
-0.5450	-1.6400
-0.5400	-1.6410
-0.5350	-1.6415
-0.5300	-1.6425
-0.5250	-1.6445
-0.5200	-1.6450
-0.5150	-1.6452
-0.5100	-1.6462
-0.5050	-1.6465
-0.5000	-1.6467
-0.4950	-1.6470
-0.4900	-1.6477
-0.4850	-1.6495
-0.4800	-1.6512
-0.4750	-1.6522
-0.4700	-1.6532
-0.4650	-1.6540
-0.4600	-1.6547
-0.4550	-1.6555
-0.4500	-1.6565
-0.4450	-1.6575
-0.4400	-1.6595
-0.4350	-1.6610
-0.4300	-1.6615
-0.4250	-1.6642
-0.4200	-1.6650
-0.4150	-1.6662
-0.4100	-1.6685
-0.4050	-1.6710
-0.4000	-1.6735
-0.3950	-1.6755
-0.3900	-1.6760
-0.3850	-1.6762
-0.3800	-1.6765
-0.3750	-1.6772
-0.3700	-1.6775
-0.3650	-1.6772
-0.3600	-1.6777
-0.3550	-1.6780
-0.3500	-1.6777
-0.3450	-1.6802
-0.3400	-1.6825
-0.3350	-1.6845
-0.3300	-1.6855
-0.3250	-1.6865
-0.3200	-1.6875
-0.3150	-1.6890
-0.3100	-1.6900
-0.3050	-1.6905
-0.3000	-1.6902
-0.2950	-1.6910
-0.2900	-1.6925
-0.2850	-1.6947
-0.2800	-1.6957
-0.2750	-1.6967
-0.2700	-1.6980
-0.2650	-1.6990
-0.2600	-1.7000
-0.2550	-1.7015
-0.2500	-1.7040
-0.2450	-1.7055
-0.2400	-1.7070
-0.2350	-1.7082
-0.2300	-1.7082
-0.2250	-1.7087
-0.2200	-1.7097
-0.2150	-1.7112
-0.2100	-1.7115
-0.2050	-1.7117
-0.2000	-1.7125
-0.1950	-1.7135
-0.1900	-1.7142
-0.1850	-1.7152
-0.1800	-1.7170
-0.1750	-1.7185
-0.1700	-1.7195
-0.1650	-1.7205
-0.1600	-1.7220
-0.1550	-1.7237
-0.1500	-1.7237
-0.1450	-1.7247
-0.1400	-1.7262
-0.1350	-1.7280
-0.1300	-1.7297
-0.1250	-1.7310
-0.1200	-1.7315
-0.1150	-1.7320
-0.1100	-1.7320
-0.1050	-1.7320
-0.1000	-1.7330
-0.0950	-1.7345
-0.0900	-1.7365
-0.0850	-1.7375
-0.0800	-1.7377
-0.0750	-1.7375
-0.0700	-1.7385
-0.0650	-1.7395
-0.0600	-1.7402
-0.0550	-1.7395
-0.0500	-1.7415
-0.0450	-1.7435
-0.0400	-1.7445
-0.0350	-1.7457
-0.0300	-1.7465
-0.0250	-1.7467
-0.0200	-1.7482
-0.0150	-1.7492
-0.0100	-1.7500
-0.0050	-1.7512
0.0000	-1.7517
0.0050	-1.7520
0.0100	-1.7520
0.0150	-1.7532
0.0200	-1.7545
0.0250	-1.7550
0.0300	-1.7552
0.0350	-1.7555
0.0400	-1.7565
0.0450	-1.7560
0.0500	-1.7565
0.0550	-1.7577
0.0600	-1.7585
0.0650	-1.7595
0.0700	-1.7610
0.0750	-1.7622
0.0800	-1.7632
0.0850	-1.7640
0.0900	-1.7642
0.0950	-1.7645
0.1000	-1.7647
0.1050	-1.7652
0.1100	-1.7652
0.1150	-1.7655
0.1200	-1.7657
0.1250	-1.7680
0.1300	-1.7690
0.1350	-1.7692
0.1400	-1.7705
0.1450	-1.7712
0.1500	-1.7717
0.1550	-1.7725
0.1600	-1.7725
0.1650	-1.7727
0.1700	-1.7737
0.1750	-1.7735
0.1800	-1.7742
0.1850	-1.7757
0.1900	-1.7747
0.1950	-1.7762
0.2000	-1.7787
0.2050	-1.7790
0.2100	-1.7790
0.2150	-1.7797
0.2200	-1.7815
0.2250	-1.7825
0.2300	-1.7832
0.2350	-1.7837
0.2400	-1.7850
0.2450	-1.7860
0.2500	-1.7867
0.2550	-1.7875
0.2600	-1.7875
0.2650	-1.7872
0.2700	-1.7877
0.2750	-1.7890
0.2800	-1.7902
0.2850	-1.7912
0.2900	-1.7927
0.2950	-1.7940
0.3000	-1.7950
0.3050	-1.7965
0.3100	-1.7972
0.3150	-1.7972
0.3200	-1.7982
0.3250	-1.7985
0.3300	-1.7985
0.3350	-1.7987
0.3400	-1.7995
0.3450	-1.8007
0.3500	-1.8020
0.3550	-1.8032
0.3600	-1.8042
0.3650	-1.8055
0.3700	-1.8050
0.3750	-1.8062
0.3800	-1.8082
0.3850	-1.8080
0.3900	-1.8080
0.3950	-1.8090
0.4000	-1.8105
0.4050	-1.8105
0.4100	-1.8100
0.4150	-1.8112
0.4200	-1.8140
0.4250	-1.8162
0.4300	-1.8167
0.4350	-1.8175
0.4400	-1.8180
0.4450	-1.8182
0.4500	-1.8187
0.4550	-1.8190
0.4600	-1.8190
0.4650	-1.8200
0.4700	-1.8210
0.4750	-1.8220
0.4800	-1.8240
0.4850	-1.8255
0.4900	-1.8267
0.4950	-1.8282
0.5000	-1.8290
0.5050	-1.8295
0.5100	-1.8302
0.5150	-1.8297
0.5200	-1.8300
0.5250	-1.8305
0.5300	-1.8310
0.5350	-1.8310
0.5400	-1.8310
0.5450	-1.8317
0.5500	-1.8317
0.5550	-1.8317
0.5600	-1.8320
0.5650	-1.8320
0.5700	-1.8322
0.5750	-1.8327
0.5800	-1.8330
0.5850	-1.8337
0.5900	-1.8347
0.5950	-1.8357
0.6000	-1.8375
0.6050	-1.8390
0.6100	-1.8390
0.6150	-1.8395
0.6200	-1.8400
0.6250	-1.8402
0.6300	-1.8407
0.6350	-1.8415
0.6400	-1.8420
0.6450	-1.8440
0.6500	-1.8457
0.6550	-1.8470
0.6600	-1.8470
0.6650	-1.8475
0.6700	-1.8480
0.6750	-1.8487
0.6800	-1.8507
0.6850	-1.8527
0.6900	-1.8545
0.6950	-1.8545
0.7000	-1.8545
0.7050	-1.8550
0.7100	-1.8557
0.7150	-1.8567
0.7200	-1.8580
0.7250	-1.8587
0.7300	-1.8600
0.7350	-1.8615
0.7400	-1.8617
0.7450	-1.8617
0.7500	-1.8617
0.7550	-1.8617
0.7600	-1.8620
0.7650	-1.8622
0.7700	-1.8620
0.7750	-1.8630
0.7800	-1.8637
0.7850	-1.8640
0.7900	-1.8645
0.7950	-1.8650
0.8000	-1.8650
0.8050	-1.8660
0.8100	-1.8675
0.8150	-1.8685
0.8200	-1.8687
0.8250	-1.8690
0.8300	-1.8690
0.8350	-1.8690
0.8400	-1.8697
0.8450	-1.8705
0.8500	-1.8707
0.8550	-1.8710
0.8600	-1.8715
0.8650	-1.8722
0.8700	-1.8737
0.8750	-1.8750
0.8800	-1.8757
0.8850	-1.8752
0.8900	-1.8755
0.8950	-1.8762
0.9000	-1.8760
0.9050	-1.8782
0.9100	-1.8800
0.9150	-1.8800
0.9200	-1.8810
0.9250	-1.8820
0.9300	-1.8827
0.9350	-1.8825
0.9400	-1.8830
0.9450	-1.8842
0.9500	-1.8842
0.9550	-1.8852
0.9600	-1.8865
0.9650	-1.8870
0.9700	-1.8877
0.9750	-1.8882
0.9800	-1.8877
0.9850	-1.8890
0.9900	-1.8895
0.9950	-1.8892
1.0000	-1.8902
1.0050	-1.8912
1.0100	-1.8927
1.0150	-1.8950
1.0200	-1.8960
1.0250	-1.8967
1.0300	-1.8982
1.0350	-1.8992
1.0400	-1.8997
1.0450	-1.9007
1.0500	-1.9010
1.0550	-1.9012
1.0600	-1.9012
1.0650	-1.9017
1.0700	-1.9020
1.0750	-1.9020
1.0800	-1.9025
1.0850	-1.9030
1.0900	-1.9032
1.0950	-1.9032
1.1000	-1.9035
1.1050	-1.9040
1.1100	-1.9042
1.1150	-1.9042
1.1200	-1.9042
1.1250	-1.9047
1.1300	-1.9050
1.1350	-1.9050
1.1400	-1.9050
1.1450	-1.9062
1.1500	-1.9075
1.1550	-1.9082
1.1600	-1.9090
1.1650	-1.9095
1.1700	-1.9102
1.1750	-1.9107
1.1800	-1.9107
1.1850	-1.9107
1.1900	-1.9110
1.1950	-1.9120
1.2000	-1.9125
1.2050	-1.9130
1.2100	-1.9140
1.2150	-1.9142
1.2200	-1.9132
1.2250	-1.9142
1.2300	-1.9147
1.2350	-1.9150
1.2400	-1.9160
1.2450	-1.9160
1.2500	-1.9157
1.2550	-1.9165
1.2600	-1.9165
1.2650	-1.9170
1.2700	-1.9182
1.2750	-1.9180
1.2800	-1.9180
1.2850	-1.9192
1.2900	-1.9197
1.2950	-1.9205
1.3000	-1.9217
1.3050	-1.9230
1.3100	-1.9235
1.3150	-1.9240
1.3200	-1.9240
1.3250	-1.9245
1.3300	-1.9245
1.3350	-1.9255
1.3400	-1.9260
1.3450	-1.9262
1.3500	-1.9267
1.3550	-1.9265
1.3600	-1.9265
1.3650	-1.9275
1.3700	-1.9285
1.3750	-1.9295
1.3800	-1.9300
1.3850	-1.9305
1.3900	-1.9312
1.3950	-1.9325
1.4000	-1.9337
1.4050	-1.9345
1.4100	-1.9350
1.4150	-1.9360
1.4200	-1.9362
1.4250	-1.9362
1.4300	-1.9362
1.4350	-1.9367
1.4400	-1.9370
1.4450	-1.9367
1.4500	-1.9372
1.4550	-1.9377
1.4600	-1.9380
1.4650	-1.9382
1.4700	-1.9382
1.4750	-1.9387
1.4800	-1.9402
1.4850	-1.9410
1.4900	-1.9412
1.4950	-1.9417
1.5000	-1.9420
1.5050	-1.9420
1.5100	-1.9420
1.5150	-1.9422
1.5200	-1.9425
1.5250	-1.9430
1.5300	-1.9437
1.5350	-1.9445
1.5400	-1.9452
1.5450	-1.9455
1.5500	-1.9457
1.5550	-1.9462
1.5600	-1.9460
1.5650	-1.9460
1.5700	-1.9465
1.5750	-1.9465
1.5800	-1.9465
1.5850	-1.9465
1.5900	-1.9467
1.5950	-1.9470
1.6000	-1.9472
1.6050	-1.9470
1.6100	-1.9477
1.6150	-1.9482
1.6200	-1.9485
1.6250	-1.9485
1.6300	-1.9487
1.6350	-1.9495
1.6400	-1.9487
1.6450	-1.9490
1.6500	-1.9500
1.6550	-1.9525
1.6600	-1.9537
1.6650	-1.9542
1.6700	-1.9540
1.6750	-1.9560
1.6800	-1.9570
1.6850	-1.9567
1.6900	-1.9577
1.6950	-1.9580
1.7000	-1.9582
1.7050	-1.9585
1.7100	-1.9587
1.7150	-1.9592
1.7200	-1.9607
1.7250	-1.9615
1.7300	-1.9615
1.7350	-1.9625
1.7400	-1.9622
1.7450	-1.9620
1.7500	-1.9630
1.7550	-1.9640
1.7600	-1.9650
1.7650	-1.9660
1.7700	-1.9660
1.7750	-1.9657
1.7800	-1.9660
1.7850	-1.9665
1.7900	-1.9670
1.7950	-1.9675
1.8000	-1.9672
1.8050	-1.9672
1.8100	-1.9675
1.8150	-1.9672
1.8200	-1.9675
1.8250	-1.9680
1.8300	-1.9680
1.8350	-1.9680
1.8400	-1.9680
1.8450	-1.9680
1.8500	-1.9687
1.8550	-1.9697
1.8600	-1.9702
1.8650	-1.9705
1.8700	-1.9707
1.8750	-1.9707
1.8800	-1.9707
1.8850	-1.9707
1.8900	-1.9707
1.8950	-1.9712
1.9000	-1.9710
1.9050	-1.9710
1.9100	-1.9715
1.9150	-1.9712
1.9200	-1.9710
1.9250	-1.9715
1.9300	-1.9715
1.9350	-1.9715
1.9400	-1.9720
1.9450	-1.9722
1.9500	-1.9725
1.9550	-1.9720
1.9600	-1.9730
1.9650	-1.9740
1.9700	-1.9752
1.9750	-1.9745
1.9800	-1.9750
1.9850	-1.9755
1.9900	-1.9757
1.9950	-1.9757
2.0000	-1.9755
2.0050	-1.9757
2.0100	-1.9755
2.0150	-1.9755
2.0200	-1.9760
2.0250	-1.9767
2.0300	-1.9767
2.0350	-1.9760
2.0400	-1.9770
2.0450	-1.9772
2.0500	-1.9772
2.0550	-1.9780
2.0600	-1.9782
2.0650	-1.9782
2.0700	-1.9785
2.0750	-1.9785
2.0800	-1.9782
2.0850	-1.9785
2.0900	-1.9782
2.0950	-1.9782
2.1000	-1.9785
2.1050	-1.9782
2.1100	-1.9785
2.1150	-1.9787
2.1200	-1.9787
2.1250	-1.9790
2.1300	-1.9792
2.1350	-1.9795
2.1400	-1.9795
2.1450	-1.9795
2.1500	-1.9795
2.1550	-1.9797
2.1600	-1.9797
2.1650	-1.9800
2.1700	-1.9797
2.1750	-1.9800
2.1800	-1.9805
2.1850	-1.9802
2.1900	-1.9805
2.1950	-1.9812
2.2000	-1.9812
2.2050	-1.9820
2.2100	-1.9827
2.2150	-1.9825
2.2200	-1.9830
2.2250	-1.9835
2.2300	-1.9835
2.2350	-1.9840
2.2400	-1.9845
2.2450	-1.9850
2.2500	-1.9852
2.2550	-1.9852
2.2600	-1.9850
2.2650	-1.9857
2.2700	-1.9860
2.2750	-1.9862
2.2800	-1.9862
2.2850	-1.9862
2.2900	-1.9865
2.2950	-1.9865
2.3000	-1.9867
2.3050	-1.9872
2.3100	-1.9872
2.3150	-1.9877
2.3200	-1.9880
2.3250	-1.9875
2.3300	-1.9880
2.3350	-1.9885
2.3400	-1.9882
2.3450	-1.9887
2.3500	-1.9887
2.3550	-1.9890
2.3600	-1.9900
2.3650	-1.9902
2.3700	-1.9902
2.3750	-1.9902
2.3800	-1.9902
2.3850	-1.9902
2.3900	-1.9907
2.3950	-1.9905
2.4000	-1.9907
2.4050	-1.9912
2.4100	-1.9907
2.4150	-1.9907
2.4200	-1.9912
2.4250	-1.9907
2.4300	-1.9907
2.4350	-1.9910
2.4400	-1.9905
2.4450	-1.9907
2.4500	-1.9912
2.4550	-1.9915
2.4600	-1.9915
2.4650	-1.9912
2.4700	-1.9915
2.4750	-1.9912
2.4800	-1.9912
2.4850	-1.9915
2.4900	-1.9912
2.4950	-1.9912
2.5000	-1.9915
2.5050	-1.9912
2.5100	-1.9912
2.5150	-1.9912
2.5200	-1.9905
2.5250	-1.9910
2.5300	-1.9912
2.5350	-1.9905
2.5400	-1.9910
2.5450	-1.9910
2.5500	-1.9905
2.5550	-1.9917
2.5600	-1.9917
2.5650	-1.9910
2.5700	-1.9920
2.5750	-1.9920
2.5800	-1.9915
2.5850	-1.9925
2.5900	-1.9922
2.5950	-1.9920
2.6000	-1.9927
2.6050	-1.9927
2.6100	-1.9927
2.6150	-1.9930
2.6200	-1.9930
2.6250	-1.9932
2.6300	-1.9937
2.6350	-1.9947
2.6400	-1.9945
2.6450	-1.9937
2.6500	-1.9947
2.6550	-1.9945
2.6600	-1.9940
2.6650	-1.9947
2.6700	-1.9942
2.6750	-1.9940
2.6800	-1.9947
2.6850	-1.9940
2.6900	-1.9940
2.6950	-1.9947
2.7000	-1.9935
2.7050	-1.9927
2.7100	-1.9922
2.7150	-1.9910
2.7200	-1.9910
2.7250	-1.9912
2.7300	-1.9907
2.7350	-1.9910
2.7400	-1.9910
2.7450	-1.9905
2.7500	-1.9907
2.7550	-1.9905
2.7600	-1.9900
2.7650	-1.9902
2.7700	-1.9900
2.7750	-1.9895
2.7800	-1.9885
2.7850	-1.9882
2.7900	-1.9882
2.7950	-1.9880
2.8000	-1.9880
2.8050	-1.9880
2.8100	-1.9875
2.8150	-1.9867
2.8200	-1.9865
2.8250	-1.9870
2.8300	-1.9865
2.8350	-1.9865
2.8400	-1.9870
2.8450	-1.9865
2.8500	-1.9865
2.8550	-1.9870
2.8600	-1.9865
2.8650	-1.9865
2.8700	-1.9867
2.8750	-1.9862
2.8800	-1.9860
2.8850	-1.9860
2.8900	-1.9862
2.8950	-1.9860
2.9000	-1.9860
2.9050	-1.9862
2.9100	-1.9860
2.9150	-1.9860
2.9200	-1.9862
2.9250	-1.9857
2.9300	-1.9860
2.9350	-1.9860
2.9400	-1.9857
2.9450	-1.9860
2.9500	-1.9860
2.9550	-1.9855
2.9600	-1.9855
2.9650	-1.9850
2.9700	-1.9835
2.9750	-1.9835
2.9800	-1.9832
2.9850	-1.9832
2.9900	-1.9830
2.9950	-1.9825
3.0000	-1.9820
3.0050	-1.9825
3.0100	-1.9820
3.0150	-1.9815
3.0200	-1.9820
3.0250	-1.9815
3.0300	-1.9812
3.0350	-1.9815
3.0400	-1.9807
3.0450	-1.9807
3.0500	-1.9810
3.0550	-1.9805
3.0600	-1.9805
3.0650	-1.9807
3.0700	-1.9802
3.0750	-1.9805
3.0800	-1.9805
3.0850	-1.9797
3.0900	-1.9800
3.0950	-1.9802
3.1000	-1.9795
3.1050	-1.9800
3.1100	-1.9800
3.1150	-1.9797
3.1200	-1.9802
3.1250	-1.9800
3.1300	-1.9795
3.1350	-1.9797
3.1400	-1.9795
3.1450	-1.9792
3.1500	-1.9797
3.1550	-1.9795
3.1600	-1.9792
3.1650	-1.9795
3.1700	-1.9790
3.1750	-1.9787
3.1800	-1.9790
3.1850	-1.9785
3.1900	-1.9785
3.1950	-1.9785
3.2000	-1.9780
3.2050	-1.9780
3.2100	-1.9775
3.2150	-1.9765
3.2200	-1.9760
3.2250	-1.9760
3.2300	-1.9760
3.2350	-1.9757
3.2400	-1.9755
3.2450	-1.9752
3.2500	-1.9750
3.2550	-1.9750
3.2600	-1.9750
3.2650	-1.9750
3.2700	-1.9750
3.2750	-1.9747
3.2800	-1.9745
3.2850	-1.9742
3.2900	-1.9742
3.2950	-1.9740
3.3000	-1.9735
3.3050	-1.9735
3.3100	-1.9737
3.3150	-1.9735
3.3200	-1.9735
3.3250	-1.9737
3.3300	-1.9735
3.3350	-1.9730
3.3400	-1.9727
3.3450	-1.9730
3.3500	-1.9725
3.3550	-1.9722
3.3600	-1.9717
3.3650	-1.9717
3.3700	-1.9717
3.3750	-1.9717
3.3800	-1.9717
3.3850	-1.9717
3.3900	-1.9717
3.3950	-1.9717
3.4000	-1.9715
3.4050	-1.9712
3.4100	-1.9715
3.4150	-1.9717
3.4200	-1.9715
3.4250	-1.9710
3.4300	-1.9710
3.4350	-1.9705
3.4400	-1.9695
3.4450	-1.9705
3.4500	-1.9700
3.4550	-1.9690
3.4600	-1.9697
3.4650	-1.9695
3.4700	-1.9690
3.4750	-1.9695
3.4800	-1.9690
3.4850	-1.9682
3.4900	-1.9665
3.4950	-1.9660
3.5000	-1.9655
3.5050	-1.9650
3.5100	-1.9647
3.5150	-1.9647
3.5200	-1.9650
3.5250	-1.9645
3.5300	-1.9645
3.5350	-1.9645
3.5400	-1.9642
3.5450	-1.9640
3.5500	-1.9635
3.5550	-1.9625
3.5600	-1.9615
3.5650	-1.9605
3.5700	-1.9602
3.5750	-1.9605
3.5800	-1.9602
3.5850	-1.9600
3.5900	-1.9592
3.5950	-1.9585
3.6000	-1.9580
3.6050	-1.9585
3.6100	-1.9582
3.6150	-1.9577
3.6200	-1.9570
3.6250	-1.9567
3.6300	-1.9565
3.6350	-1.9565
3.6400	-1.9565
3.6450	-1.9565
3.6500	-1.9562
3.6550	-1.9557
3.6600	-1.9557
3.6650	-1.9555
3.6700	-1.9545
3.6750	-1.9547
3.6800	-1.9542
3.6850	-1.9530
3.6900	-1.9527
3.6950	-1.9525
3.7000	-1.9525
3.7050	-1.9525
3.7100	-1.9525
3.7150	-1.9522
3.7200	-1.9510
3.7250	-1.9507
3.7300	-1.9505
3.7350	-1.9507
3.7400	-1.9505
3.7450	-1.9505
3.7500	-1.9502
3.7550	-1.9495
3.7600	-1.9480
3.7650	-1.9465
3.7700	-1.9465
3.7750	-1.9460
3.7800	-1.9447
3.7850	-1.9440
3.7900	-1.9435
3.7950	-1.9430
3.8000	-1.9422
3.8050	-1.9422
3.8100	-1.9422
3.8150	-1.9420
3.8200	-1.9420
3.8250	-1.9420
3.8300	-1.9415
3.8350	-1.9405
3.8400	-1.9400
3.8450	-1.9397
3.8500	-1.9400
3.8550	-1.9395
3.8600	-1.9390
3.8650	-1.9385
3.8700	-1.9385
3.8750	-1.9382
3.8800	-1.9370
3.8850	-1.9365
3.8900	-1.9365
3.8950	-1.9367
3.9000	-1.9360
3.9050	-1.9360
3.9100	-1.9365
3.9150	-1.9360
3.9200	-1.9360
3.9250	-1.9365
3.9300	-1.9357
3.9350	-1.9360
3.9400	-1.9362
3.9450	-1.9357
3.9500	-1.9357
3.9550	-1.9357
3.9600	-1.9357
3.9650	-1.9357
3.9700	-1.9355
3.9750	-1.9350
3.9800	-1.9347
3.9850	-1.9347
3.9900	-1.9347
3.9950	-1.9345
4.0000	-1.9340
4.0050	-1.9337
4.0100	-1.9335
4.0150	-1.9332
4.0200	-1.9330
4.0250	-1.9330
4.0300	-1.9327
4.0350	-1.9322
4.0400	-1.9317
4.0450	-1.9320
4.0500	-1.9315
4.0550	-1.9310
4.0600	-1.9312
4.0650	-1.9305
4.0700	-1.9300
4.0750	-1.9310
4.0800	-1.9290
4.0850	-1.9270
4.0900	-1.9262
4.0950	-1.9260
4.1000	-1.9260
4.1050	-1.9260
4.1100	-1.9252
4.1150	-1.9252
4.1200	-1.9252
4.1250	-1.9242
4.1300	-1.9237
4.1350	-1.9235
4.1400	-1.9232
4.1450	-1.9227
4.1500	-1.9225
4.1550	-1.9232
4.1600	-1.9225
4.1650	-1.9217
4.1700	-1.9215
4.1750	-1.9217
4.1800	-1.9217
4.1850	-1.9212
4.1900	-1.9217
4.1950	-1.9210
4.2000	-1.9195
4.2050	-1.9175
4.2100	-1.9160
4.2150	-1.9145
4.2200	-1.9120
4.2250	-1.9107
4.2300	-1.9107
4.2350	-1.9105
4.2400	-1.9097
4.2450	-1.9092
4.2500	-1.9087
4.2550	-1.9085
4.2600	-1.9085
4.2650	-1.9080
4.2700	-1.9072
4.2750	-1.9075
4.2800	-1.9075
4.2850	-1.9067
4.2900	-1.9065
4.2950	-1.9065
4.3000	-1.9062
4.3050	-1.9062
4.3100	-1.9060
4.3150	-1.9060
4.3200	-1.9060
4.3250	-1.9055
4.3300	-1.9050
4.3350	-1.9047
4.3400	-1.9037
4.3450	-1.9030
4.3500	-1.9022
4.3550	-1.9022
4.3600	-1.9020
4.3650	-1.9015
4.3700	-1.9002
4.3750	-1.8992
4.3800	-1.8987
4.3850	-1.8985
4.3900	-1.8977
4.3950	-1.8970
4.4000	-1.8965
4.4050	-1.8952
4.4100	-1.8942
4.4150	-1.8932
4.4200	-1.8930
4.4250	-1.8927
4.4300	-1.8920
4.4350	-1.8917
4.4400	-1.8915
4.4450	-1.8915
4.4500	-1.8910
4.4550	-1.8905
4.4600	-1.8900
4.4650	-1.8902
4.4700	-1.8892
4.4750	-1.8885
4.4800	-1.8875
4.4850	-1.8877
4.4900	-1.8875
4.4950	-1.8867
4.5000	-1.8862
4.5050	-1.8857
4.5100	-1.8855
4.5150	-1.8857
4.5200	-1.8852
4.5250	-1.8850
4.5300	-1.8845
4.5350	-1.8845
4.5400	-1.8845
4.5450	-1.8845
4.5500	-1.8822
4.5550	-1.8810
4.5600	-1.8802
4.5650	-1.8785
4.5700	-1.8772
4.5750	-1.8760
4.5800	-1.8745
4.5850	-1.8730
4.5900	-1.8725
4.5950	-1.8725
4.6000	-1.8722
4.6050	-1.8722
4.6100	-1.8720
4.6150	-1.8717
4.6200	-1.8712
4.6250	-1.8710
4.6300	-1.8707
4.6350	-1.8700
4.6400	-1.8695
4.6450	-1.8695
4.6500	-1.8680
4.6550	-1.8675
4.6600	-1.8672
4.6650	-1.8670
4.6700	-1.8667
4.6750	-1.8662
4.6800	-1.8655
4.6850	-1.8655
4.6900	-1.8655
4.6950	-1.8650
4.7000	-1.8645
4.7050	-1.8635
4.7100	-1.8617
4.7150	-1.8625
4.7200	-1.8622
4.7250	-1.8615
4.7300	-1.8615
4.7350	-1.8612
4.7400	-1.8610
4.7450	-1.8610
4.7500	-1.8607
4.7550	-1.8605
4.7600	-1.8602
4.7650	-1.8605
4.7700	-1.8600
4.7750	-1.8592
4.7800	-1.8595
4.7850	-1.8592
4.7900	-1.8585
4.7950	-1.8577
4.8000	-1.8575
4.8050	-1.8572
4.8100	-1.8567
4.8150	-1.8567
4.8200	-1.8565
4.8250	-1.8555
4.8300	-1.8550
4.8350	-1.8547
4.8400	-1.8545
4.8450	-1.8545
4.8500	-1.8542
4.8550	-1.8542
4.8600	-1.8535
4.8650	-1.8532
4.8700	-1.8520
4.8750	-1.8517
4.8800	-1.8515
4.8850	-1.8512
4.8900	-1.8512
4.8950	-1.8510
4.9000	-1.8502
4.9050	-1.8492
4.9100	-1.8487
4.9150	-1.8482
4.9200	-1.8480
4.9250	-1.8475
4.9300	-1.8475
4.9350	-1.8472
4.9400	-1.8462
4.9450	-1.8462
4.9500	-1.8455
4.9550	-1.8440
4.9600	-1.8445
4.9650	-1.8445
4.9700	-1.8435
4.9750	-1.8435
4.9800	-1.8432
4.9850	-1.8425
4.9900	-1.8412
4.9950	-1.8417
5.0000	-1.8420
5.0050	-1.8410
5.0100	-1.8410
5.0150	-1.8402
5.0200	-1.8380
5.0250	-1.8355
5.0300	-1.8342
5.0350	-1.8337
5.0400	-1.8330
5.0450	-1.8322
5.0500	-1.8315
5.0550	-1.8310
5.0600	-1.8307
5.0650	-1.8305
5.0700	-1.8305
5.0750	-1.8302
5.0800	-1.8300
5.0850	-1.8295
5.0900	-1.8297
5.0950	-1.8295
5.1000	-1.8292
5.1050	-1.8290
5.1100	-1.8287
5.1150	-1.8285
5.1200	-1.8280
5.1250	-1.8277
5.1300	-1.8277
5.1350	-1.8280
5.1400	-1.8277
5.1450	-1.8275
5.1500	-1.8275
5.1550	-1.8270
5.1600	-1.8270
5.1650	-1.8272
5.1700	-1.8267
5.1750	-1.8267
5.1800	-1.8267
5.1850	-1.8265
5.1900	-1.8262
5.1950	-1.8260
5.2000	-1.8257
5.2050	-1.8260
5.2100	-1.8257
5.2150	-1.8255
5.2200	-1.8247
5.2250	-1.8250
5.2300	-1.8250
5.2350	-1.8237
5.2400	-1.8230
5.2450	-1.8225
5.2500	-1.8222
5.2550	-1.8217
5.2600	-1.8215
5.2650	-1.8220
5.2700	-1.8210
5.2750	-1.8207
5.2800	-1.8207
5.2850	-1.8195
5.2900	-1.8190
5.2950	-1.8187
5.3000	-1.8182
5.3050	-1.8182
5.3100	-1.8185
5.3150	-1.8180
5.3200	-1.8182
5.3250	-1.8180
5.3300	-1.8180
5.3350	-1.8180
5.3400	-1.8180
5.3450	-1.8177
5.3500	-1.8177
5.3550	-1.8175
5.3600	-1.8175
5.3650	-1.8175
5.3700	-1.8175
5.3750	-1.8175
5.3800	-1.8175
5.3850	-1.8175
5.3900	-1.8175
5.3950	-1.8172
5.4000	-1.8175
5.4050	-1.8172
5.4100	-1.8170
5.4150	-1.8175
5.4200	-1.8172
5.4250	-1.8170
5.4300	-1.8175
5.4350	-1.8170
5.4400	-1.8170
5.4450	-1.8175
5.4500	-1.8165
5.4550	-1.8165
5.4600	-1.8167
5.4650	-1.8162
5.4700	-1.8160
5.4750	-1.8162
5.4800	-1.8152
5.4850	-1.8157
5.4900	-1.8162
5.4950	-1.8157
5.5000	-1.8155
5.5050	-1.8152
5.5100	-1.8147
5.5150	-1.8140
5.5200	-1.8135
5.5250	-1.8135
5.5300	-1.8125
5.5350	-1.8122
5.5400	-1.8122
5.5450	-1.8120
5.5500	-1.8117
5.5550	-1.8115
5.5600	-1.8120
5.5650	-1.8115
5.5700	-1.8115
5.5750	-1.8120
5.5800	-1.8120
5.5850	-1.8117
5.5900	-1.8117
5.5950	-1.8117
5.6000	-1.8117
5.6050	-1.8115
5.6100	-1.8117
5.6150	-1.8115
5.6200	-1.8115
5.6250	-1.8115
5.6300	-1.8115
5.6350	-1.8115
5.6400	-1.8115
5.6450	-1.8115
5.6500	-1.8115
5.6550	-1.8115
5.6600	-1.8117
5.6650	-1.8115
5.6700	-1.8117
5.6750	-1.8137
5.6800	-1.8152
5.6850	-1.8160
5.6900	-1.8152
5.6950	-1.8155
5.7000	-1.8160
5.7050	-1.8160
5.7100	-1.8160
5.7150	-1.8162
5.7200	-1.8162
5.7250	-1.8175
5.7300	-1.8177
5.7350	-1.8170
5.7400	-1.8180
5.7450	-1.8187
5.7500	-1.8190
5.7550	-1.8190
5.7600	-1.8190
5.7650	-1.8192
5.7700	-1.8200
5.7750	-1.8207
5.7800	-1.8212
5.7850	-1.8207
5.7900	-1.8212
5.7950	-1.8220
5.8000	-1.8227
5.8050	-1.8222
5.8100	-1.8225
5.8150	-1.8235
5.8200	-1.8250
5.8250	-1.8257
5.8300	-1.8262
5.8350	-1.8265
5.8400	-1.8267
5.8450	-1.8270
5.8500	-1.8277
5.8550	-1.8295
5.8600	-1.8310
5.8650	-1.8315
5.8700	-1.8322
5.8750	-1.8325
5.8800	-1.8320
5.8850	-1.8322
5.8900	-1.8325
5.8950	-1.8320
5.9000	-1.8325
5.9050	-1.8330
5.9100	-1.8335
5.9150	-1.8335
5.9200	-1.8345
5.9250	-1.8357
5.9300	-1.8362
5.9350	-1.8370
5.9400	-1.8375
5.9450	-1.8372
5.9500	-1.8375
5.9550	-1.8380
5.9600	-1.8380
5.9650	-1.8392
5.9700	-1.8405
5.9750	-1.8412
5.9800	-1.8417
5.9850	-1.8422
5.9900	-1.8425
5.9950	-1.8435
6.0000	-1.8445
6.0050	-1.8452
6.0100	-1.8462
6.0150	-1.8467
6.0200	-1.8470
6.0250	-1.8470
6.0300	-1.8482
6.0350	-1.8495
6.0400	-1.8505
6.0450	-1.8507
6.0500	-1.8510
6.0550	-1.8517
6.0600	-1.8520
6.0650	-1.8525
6.0700	-1.8540
6.0750	-1.8552
6.0800	-1.8570
6.0850	-1.8587
6.0900	-1.8602
6.0950	-1.8610
6.1000	-1.8607
6.1050	-1.8625
6.1100	-1.8640
6.1150	-1.8650
6.1200	-1.8660
6.1250	-1.8662
6.1300	-1.8665
6.1350	-1.8667
6.1400	-1.8675
6.1450	-1.8677
6.1500	-1.8670
6.1550	-1.8677
6.1600	-1.8680
6.1650	-1.8670
6.1700	-1.8680
6.1750	-1.8687
6.1800	-1.8690
6.1850	-1.8697
6.1900	-1.8717
6.1950	-1.8750
6.2000	-1.8780
6.2050	-1.8810
6.2100	-1.8837
6.2150	-1.8835
6.2200	-1.8837
6.2250	-1.8842
6.2300	-1.8847
6.2350	-1.8852
6.2400	-1.8860
6.2450	-1.8880
6.2500	-1.8892
6.2550	-1.8902
6.2600	-1.8915
6.2650	-1.8925
6.2700	-1.8935
6.2750	-1.8942
6.2800	-1.8950
6.2850	-1.8962
6.2900	-1.8977
6.2950	-1.8980
6.3000	-1.8995
6.3050	-1.9025
6.3100	-1.9062
6.3150	-1.9085
6.3200	-1.9090
6.3250	-1.9110
6.3300	-1.9127
6.3350	-1.9137
6.3400	-1.9155
6.3450	-1.9167
6.3500	-1.9175
6.3550	-1.9180
6.3600	-1.9192
6.3650	-1.9207
6.3700	-1.9227
6.3750	-1.9255
6.3800	-1.9282
6.3850	-1.9290
6.3900	-1.9297
6.3950	-1.9310
6.4000	-1.9305
6.4050	-1.9545
6.4100	-1.9820
6.4150	-2.0037
6.4200	-2.0272
6.4250	-2.0497
6.4300	-2.0682
6.4350	-2.0852
6.4400	-2.0960
6.4450	-2.1065
6.4500	-2.1172
6.4550	-2.1277
6.4600	-2.1385
6.4650	-2.1515
6.4700	-2.1622
6.4750	-2.1680
6.4800	-2.1760
6.4850	-2.1847
6.4900	-2.1957
6.4950	-2.2065
6.5000	-2.2162
6.5050	-2.2270
6.5100	-2.2382
6.5150	-2.2487
6.5200	-2.2597
6.5250	-2.2725
6.5300	-2.2827
6.5350	-2.2887
6.5400	-2.2925
6.5450	-2.2962
6.5500	-2.3017
6.5550	-2.3062
6.5600	-2.3105
6.5650	-2.3160
6.5700	-2.3185
6.5750	-2.3185
6.5800	-2.3182
6.5850	-2.3185
6.5900	-2.3185
6.5950	-2.3182
6.6000	-2.3182
6.6050	-2.3182
6.6100	-2.3180
6.6150	-2.3182
6.6200	-2.3182
6.6250	-2.3180
6.6300	-2.3180
6.6350	-2.3170
6.6400	-2.3150
6.6450	-2.3117
6.6500	-2.3090
6.6550	-2.3052
6.6600	-2.2997
6.6650	-2.2967
6.6700	-2.2925
6.6750	-2.2877
6.6800	-2.2840
6.6850	-2.2767
6.6900	-2.2700
6.6950	-2.2645
6.7000	-2.2585
6.7050	-2.2570
6.7100	-2.2560
6.7150	-2.2545
6.7200	-2.2510
6.7250	-2.2457
6.7300	-2.2385
6.7350	-2.2290
6.7400	-2.2182
6.7450	-2.2092
6.7500	-2.1997
6.7550	-2.1892
6.7600	-2.1800
6.7650	-2.1742
6.7700	-2.1700
6.7750	-2.1665
6.7800	-2.1625
6.7850	-2.1555
6.7900	-2.1482
6.7950	-2.1415
6.8000	-2.1372
6.8050	-2.1332
6.8100	-2.1300
6.8150	-2.1280
6.8200	-2.1287
6.8250	-2.1285
6.8300	-2.1280
6.8350	-2.1287
6.8400	-2.1282
6.8450	-2.1280
6.8500	-2.1287
6.8550	-2.1280
6.8600	-2.1277
6.8650	-2.1287
6.8700	-2.1277
6.8750	-2.1277
6.8800	-2.1290
6.8850	-2.1320
6.8900	-2.1350
6.8950	-2.1377
6.9000	-2.1390
6.9050	-2.1405
6.9100	-2.1420
6.9150	-2.1430
6.9200	-2.1445
6.9250	-2.1460
6.9300	-2.1492
6.9350	-2.1525
6.9400	-2.1560
6.9450	-2.1592
6.9500	-2.1625
6.9550	-2.1657
6.9600	-2.1685
6.9650	-2.1710
6.9700	-2.1735
6.9750	-2.1755
6.9800	-2.1780
6.9850	-2.1812
6.9900	-2.1857
6.9950	-2.1900
7.0000	-2.1945
7.0050	-2.1970
7.0100	-2.2000
7.0150	-2.2042
7.0200	-2.2075
7.0250	-2.2097
7.0300	-2.2110
7.0350	-2.2130
7.0400	-2.2152
7.0450	-2.2165
7.0500	-2.2200
7.0550	-2.2235
7.0600	-2.2262
7.0650	-2.2295
7.0700	-2.2330
7.0750	-2.2370
7.0800	-2.2400
7.0850	-2.2427
7.0900	-2.2467
7.0950	-2.2487
7.1000	-2.2495
7.1050	-2.2507
7.1100	-2.2527
7.1150	-2.2555
7.1200	-2.2615
7.1250	-2.2667
7.1300	-2.2715
7.1350	-2.2770
7.1400	-2.2827
7.1450	-2.2880
7.1500	-2.2920
7.1550	-2.2960
7.1600	-2.2982
7.1650	-2.3010
7.1700	-2.3042
7.1750	-2.3090
7.1800	-2.3132
7.1850	-2.3175
7.1900	-2.3215
7.1950	-2.3247
7.2000	-2.3272
7.2050	-2.3297
7.2100	-2.3317
7.2150	-2.3335
7.2200	-2.3410
7.2250	-2.3470
7.2300	-2.3517
7.2350	-2.3565
7.2400	-2.3617
7.2450	-2.3690
7.2500	-2.3747
7.2550	-2.3800
7.2600	-2.3835
7.2650	-2.3875
7.2700	-2.3920
7.2750	-2.3960
7.2800	-2.4005
7.2850	-2.4052
7.2900	-2.4100
7.2950	-2.4150
7.3000	-2.4197
7.3050	-2.4245
7.3100	-2.4290
7.3150	-2.4327
7.3200	-2.4382
7.3250	-2.4452
7.3300	-2.4522
7.3350	-2.4590
7.3400	-2.4655
7.3450	-2.4712
7.3500	-2.4762
7.3550	-2.4820
7.3600	-2.4877
7.3650	-2.4937
7.3700	-2.4987
7.3750	-2.5055
7.3800	-2.5172
7.3850	-2.5282
7.3900	-2.5382
7.3950	-2.5472
7.4000	-2.5560
7.4050	-2.5635
7.4100	-2.5710
7.4150	-2.5790
7.4200	-2.5875
7.4250	-2.5965
7.4300	-2.6027
7.4350	-2.6092
7.4400	-2.6162
7.4450	-2.6232
7.4500	-2.6302
7.4550	-2.6372
7.4600	-2.6435
7.4650	-2.6485
7.4700	-2.6570
7.4750	-2.6665
7.4800	-2.6775
7.4850	-2.6880
7.4900	-2.6970
7.4950	-2.7055
7.5000	-2.7130
7.5050	-2.7210
7.5100	-2.7295
7.5150	-2.7395
7.5200	-2.7495
7.5250	-2.7592
7.5300	-2.7717
7.5350	-2.7852
7.5400	-2.7947
7.5450	-2.8037
7.5500	-2.8142
7.5550	-2.8240
7.5600	-2.8325
7.5650	-2.8427
7.5700	-2.8540
7.5750	-2.8612
7.5800	-2.8685
7.5850	-2.8767
7.5900	-2.8860
7.5950	-2.8960
7.6000	-2.9090
7.6050	-2.9225
7.6100	-2.9350
7.6150	-2.9475
7.6200	-2.9600
7.6250	-2.9722
7.6300	-2.9822
7.6350	-2.9927
7.6400	-3.0037
7.6450	-3.0147
7.6500	-3.0260
7.6550	-3.0370
7.6600	-3.0485
7.6650	-3.0600
7.6700	-3.0712
7.6750	-3.0810
7.6800	-3.0905
7.6850	-3.0995
7.6900	-3.1090
7.6950	-3.1190
7.7000	-3.1317
7.7050	-3.1450
7.7100	-3.1582
7.7150	-3.1717
7.7200	-3.1847
7.7250	-3.1980
7.7300	-3.2115
7.7350	-3.2260
7.7400	-3.2415
7.7450	-3.2570
7.7500	-3.2730
7.7550	-3.2895
7.7600	-3.3067
7.7650	-3.3240
7.7700	-3.3412
7.7750	-3.3585
7.7800	-3.3772
7.7850	-3.3962
7.7900	-3.4182
7.7950	-3.4402
7.8000	-3.4610
7.8050	-3.4815
7.8100	-3.4975
7.8150	-3.5105
7.8200	-3.5222
7.8250	-3.5332
7.8300	-99.9999
7.8350	-99.9999
7.8400	-99.9999
7.8450	-99.9999
7.8500	-99.9999
7.8550	-99.9999
7.8600	-99.9999
7.8650	-99.9999
7.8700	-99.9999
7.8750	-99.9999
7.8800	-99.9999
7.8850	-99.9999
7.8900	-99.9999
7.8950	-99.9999
7.9000	-99.9999
7.9050	-99.9999
7.9100	-99.9999
7.9150	-99.9999
7.9200	-99.9999
7.9250	-99.9999
7.9300	-99.9999
7.9350	-99.9999
7.9400	-99.9999
7.9450	-99.9999
7.9500	-99.9999
7.9550	-99.9999
7.9600	-99.9999
7.9650	-99.9999
7.9700	-99.9999
7.9750	-99.9999
7.9800	-99.9999
7.9850	-99.9999
7.9900	-99.9999
7.9950	-99.9999